Ben
5 0 0 0 0 0 0 3 0 3 2 5 0 0 0 5 5 0 0 0 0 5 0 0 0 0 0 0 0 0 3 4 0 3 0 1 0 0 5 5 0 5 5 5 0 5 5 0 0 0 5 5 5 5 1
moose
5 5 0 0 0 0 4 0 0 3 0 5 4 0 5 0 4 4 5 0 0 0 0 0 5 0 0 0 0 0 4 5 0 0 0 0 0 5 2 0 0 0 5 0 0 0 0 0 0 5 5 0 4 0 0
Reuven
5 1 0 0 0 0 2 1 0 3 1 5 0 3 0 3 2 3 1 0 0 0 0 0 0 4 0 0 0 0 1 3 0 3 0 1 0 4 2 4 0 3 5 3 0 0 0 0 0 3 4 3 5 3 4
Cust1
3 4 5 0 0 0 4 0 0 4 0 4 0 0 0 0 0 4 0 5 0 0 0 3 4 3 0 0 0 0 0 4 0 4 0 0 0 3 4 0 0 4 4 0 0 0 5 0 0 4 3 0 0 0 0
Cust2
3 0 0 0 0 0 0 0 0 0 0 0 0 0 0 0 0 0 3 0 0 0 0 0 0 0 0 0 0 0 0 5 0 0 0 0 0 4 3 0 0 0 4 0 0 0 4 0 4 4 5 0 4 0 4
Francois
3 4 5 0 0 0 4 0 0 4 0 4 0 0 0 0 0 4 0 5 0 0 0 3 4 3 0 0 0 0 0 4 0 4 0 0 0 3 4 0 0 4 4 0 0 0 5 0 0 4 3 0 0 0 0
Jim C
5 4 0 0 0 0 4 0 0 0 0 0 0 0 3 0 0 0 0 0 0 0 0 4 0 4 0 0 0 0 0 5 0 5 0 0 0 0 0 0 0 0 0 0 0 0 0 0 4 4 4 0 0 0 0
Iren
0 0 0 0 0 0 0 0 0 0 0 0 0 0 0 0 3 0 0 0 0 0 0 0 0 0 0 5 0 0 0 3 0 0 0 3 0 0 5 0 0 0 5 4 5 0 0 0 0 5 4 0 4 0 1
Cust3
0 0 0 2 0 0 0 0 0 0 0 0 0 0 0 0 4 0 0 0 0 0 0 0 0 0 0 5 5 0 0 0 0 0 0 0 0 0 3 3 0 2 5 4 0 0 3 0 0 0 3 0 0 0 0
Cust4
0 0 0 0 0 0 0 5 0 0 0 0 0 0 0 0 0 0 0 0 0 0 0 0 0 0 0 0 0 0 0 0 0 0 0 5 0 0 1 0 0 1 5 0 0 0 0 0 0 0 2 0 0 0 2
Cust5
0 2 0 0 0 0 0 0 0 0 0 0 0 0 0 0 0 0 0 0 0 0 0 0 0 4 0 0 0 0 5 4 0 0 0 0 0 5 0 4 0 4 5 4 0 0 0 4 0 5 5 0 0 5 0
Cust6
1 3 4 4 2 4 4 5 5 5 5 3 4 3 3 0 5 0 4 0 0 0 0 0 0 0 0 0 0 0 0 0 0 0 0 4 4 0 4 0 4 5 5 5 0 2 0 0 0 0 0 0 4 3 3
Cust7
0 0 0 0 0 0 0 0 0 0 0 5 0 0 0 0 0 0 0 0 0 0 0 0 0 0 0 3 2 0 0 5 5 0 0 5 0 0 4 0 0 0 5 0 0 0 0 0 0 0 0 0 5 0 5
Cust8
3 0 0 5 0 0 0 5 0 5 4 0 0 0 0 0 4 0 5 5 0 0 0 0 0 0 0 0 5 0 5 5 4 0 0 5 0 0 5 5 5 4 5 5 0 0 5 0 0 5 5 0 5 0 5
Cust9
5 0 0 0 0 0 4 0 0 0 0 4 0 0 0 0 0 0 3 0 0 0 0 0 0 5 0 0 0 0 3 0 0 0 0 0 0 0 0 0 0 0 0 0 0 0 0 0 0 2 0 0 0 0 4
andrew
3 4 3 0 4 0 4 0 0 2 0 5 4 0 3 0 0 5 4 0 0 0 0 3 0 4 0 3 0 0 4 5 4 4 0 0 0 5 0 5 0 4 4 0 2 0 0 5 3 5 4 0 4 0 0
ma
0 0 0 0 5 0 0 0 0 4 0 0 0 0 0 0 0 0 2 0 0 0 0 2 0 0 0 0 0 0 0 4 0 4 0 0 0 2 0 0 0 0 4 0 0 0 0 0 0 2 2 0 0 0 0
mattc
0 4 0 0 0 0 0 0 0 5 0 5 0 0 2 5 0 0 3 0 0 4 0 0 4 0 0 0 0 0 3 4 4 0 0 0 0 0 5 0 0 0 5 4 0 4 0 0 0 5 5 4 0 0 0
Ocelot
5 3 0 0 0 0 0 0 0 0 0 5 0 0 4 0 0 5 4 0 0 0 0 4 0 3 3 0 0 0 4 4 0 5 0 2 0 4 0 0 0 5 4 0 0 0 0 0 0 0 4 0 3 0 0
Cust10
5 0 0 0 3 0 0 0 0 1 0 5 0 0 0 0 0 4 2 4 0 0 0 5 0 5 0 0 0 0 4 4 0 5 0 0 0 5 0 0 0 0 4 0 0 0 0 5 0 0 0 0 0 0 0
crom
0 0 4 0 0 0 0 0 0 2 0 0 0 0 5 0 0 0 5 0 0 0 0 0 0 0 0 0 0 0 5 0 0 0 0 0 0 5 0 0 0 0 0 0 0 0 0 0 0 4 4 0 0 0 0
joe
3 0 0 0 0 0 0 0 0 4 0 5 0 0 5 0 3 3 4 0 3 0 4 0 0 0 0 4 4 0 5 4 3 4 0 3 0 4 3 0 0 5 4 0 5 0 3 0 0 3 5 0 0 0 0
Priscilla
5 0 0 0 0 0 5 0 0 0 0 4 4 0 3 0 0 0 0 0 0 0 4 5 0 0 0 0 0 0 0 3 0 4 0 0 0 5 0 0 0 0 0 0 0 0 0 0 0 2 3 0 3 0 2
Harry Potter
0 0 0 0 0 0 0 0 0 1 0 3 0 0 0 0 0 0 3 0 0 0 0 0 0 0 0 3 3 0 0 0 0 0 0 0 0 4 0 0 0 0 5 0 0 0 0 0 0 4 0 0 0 0 0
I. Ned
0 0 0 0 0 0 0 0 0 3 0 0 0 0 0 0 0 0 4 0 0 0 0 2 0 0 0 0 0 0 3 3 0 0 0 2 0 0 4 3 0 4 3 0 0 0 0 0 4 0 0 0 0 0 2
ender
5 0 0 0 0 0 5 0 0 4 0 5 0 0 0 0 0 3 0 0 0 0 0 0 0 0 0 0 0 0 0 0 4 0 0 0 0 0 0 0 0 0 0 0 0 0 0 0 0 5 4 0 5 0 4
Apollo
0 0 5 0 0 0 0 4 0 0 3 0 0 0 1 0 0 0 0 0 0 0 0 5 0 0 0 0 0 0 4 1 0 0 0 0 0 4 0 0 0 0 4 4 0 0 0 0 4 0 2 0 0 0 3
Zax
0 4 0 0 0 0 0 0 3 0 0 0 0 0 0 0 0 0 0 5 0 0 0 0 0 0 0 0 0 0 0 5 0 0 0 0 0 0 5 0 0 0 5 0 0 0 4 0 0 5 5 0 0 0 3
Jaluka
0 5 0 0 0 0 0 0 0 3 0 0 0 0 0 0 0 0 0 0 0 0 0 4 0 0 0 0 0 0 5 0 0 0 0 0 0 4 0 0 0 0 0 0 0 0 0 0 5 0 0 0 0 0 0
Sanity
0 0 0 0 0 0 0 0 0 0 0 0 0 0 0 0 0 0 5 0 0 0 0 0 0 0 0 0 5 0 0 5 0 4 0 0 0 0 0 0 0 0 5 0 0 0 0 0 0 0 0 0 0 0 0
Brix
1 0 0 0 0 0 0 0 0 0 0 0 0 0 3 0 0 0 3 0 0 0 0 4 0 0 0 0 0 0 2 0 0 0 0 0 0 4 0 0 0 0 0 0 0 0 0 0 0 0 0 0 0 0 4
sage32
0 0 0 0 0 0 0 2 0 4 3 0 0 0 0 0 0 0 4 5 0 0 0 4 0 0 0 0 0 0 4 0 0 0 0 1 0 0 0 3 0 0 5 4 4 0 0 0 3 0 0 0 0 0 5
